10000
422
745
445
361
639
794
684
824
745
250
983
418
109
728
250
58
654
104
474
312
709
534
62
826
354
94
492
700
601
391
426
548
369
12
618
883
781
354
360
42
134
660
741
654
717
776
997
521
194
703
606
90
287
924
216
822
211
510
376
385
939
605
398
622
199
644
487
991
716
162
423
287
537
517
739
22
938
948
551
650
449
251
120
437
78
461
784
813
607
716
281
267
464
56
965
734
633
798
576
332
865
993
955
553
317
651
245
422
177
481
336
987
709
863
869
745
984
433
983
348
662
782
538
536
944
318
976
262
765
820
806
832
842
40
797
328
852
834
414
160
289
57
210
819
708
261
783
196
208
356
671
15
984
812
494
29
810
162
326
245
519
216
401
966
325
429
948
254
571
923
988
847
885
168
386
847
726
746
11
792
957
732
158
485
3
935
628
663
545
111
10
486
960
918
852
277
670
130
161
285
33
470
877
578
446
357
615
887
728
464
181
673
491
362
604
537
672
434
477
170
470
373
59
393
452
513
958
95
558
48
110
968
205
659
478
692
664
968
232
328
610
516
608
854
535
335
105
217
244
35
776
381
653
974
305
674
762
850
388
419
78
239
740
84
956
255
77
976
10
32
148
193
535
55
471
710
859
844
71
28
371
634
978
213
399
328
451
25
851
7
182
346
279
174
178
788
102
801
783
136
486
666
702
146
651
337
102
953
82
635
368
972
704
588
212
309
642
77
727
337
875
854
115
108
901
786
245
644
221
912
1
677
963
920
490
152
73
228
110
626
121
413
548
784
608
437
639
338
618
786
444
681
196
789
132
296
580
579
586
942
589
158
813
976
701
891
316
270
376
535
285
402
222
490
957
927
304
709
18
567
828
875
721
289
563
387
304
834
23
605
49
75
944
491
255
275
516
231
412
403
505
490
761
518
988
128
357
460
424
41
530
942
669
521
716
525
15
37
116
41
849
796
651
337
102
953
82
635
368
972
704
588
212
309
642
77
727
337
875
854
115
108
901
786
245
644
221
912
1
677
963
920
490
152
73
228
110
626
121
413
548
784
608
437
639
338
618
786
444
681
196
789
132
296
580
579
586
942
589
158
813
976
701
891
316
270
376
535
285
402
222
490
957
927
304
709
18
567
828
875
721
289
563
387
304
834
23
605
49
75
944
491
255
275
516
231
412
403
505
490
761
518
988
128
357
460
424
41
530
942
669
521
716
525
15
37
116
41
849
796
651
337
102
953
82
635
368
972
704
588
212
309
642
77
727
337
875
854
115
108
901
786
245
644
221
912
1
677
963
920
490
152
73
228
110
626
121
413
548
784
608
437
639
338
618
786
444
681
196
789
132
296
580
579
586
942
589
158
813
976
701
891
316
270
376
535
285
402
222
490
957
927
304
709
18
567
828
875
721
289
563
387
304
834
23
605
49
75
944
491
255
275
516
231
412
403
505
490
761
518
988
128
357
460
424
41
530
942
669
521
716
525
15
37
116
41
849
796
651
337
102
953
82
635
368
972
704
588
212
309
642
77
727
337
875
854
115
108
901
786
245
644
221
912
1
677
963
920
490
152
73
228
110
626
121
413
548
784
608
437
639
338
618
786
444
681
196
789
132
296
580
579
586
942
589
158
813
976
701
891
316
270
376
535
285
402
222
490
957
927
304
709
18
567
828
875
721
289
563
387
304
834
23
605
49
75
944
491
255
275
516
231
412
403
505
490
761
518
988
128
357
460
424
41
530
942
669
521
716
525
15
37
116
41
849
796
651
337
102
953
82
635
368
972
704
588
212
309
642
77
727
337
875
854
115
108
901
786
245
644
221
912
1
677
963
920
490
152
73
228
110
626
121
413
548
784
608
437
639
338
618
786
444
681
196
789
132
296
580
579
586
942
589
158
813
976
701
891
316
270
376
535
285
402
222
490
957
927
304
709
18
567
828
875
721
289
563
387
304
834
23
605
49
75
944
491
255
275
516
231
412
403
505
490
761
518
988
128
357
460
424
41
530
942
669
521
716
525
15
37
116
41
849
796
651
337
102
953
82
635
368
972
704
588
212
309
642
77
727
337
875
854
115
108
901
786
245
644
221
912
1
677
963
920
490
152
73
228
110
626
121
413
548
784
608
437
639
338
618
786
444
681
196
789
132
296
580
579
586
942
589
158
813
976
701
891
316
270
376
535
285
402
222
490
957
927
304
709
18
567
828
875
721
289
563
387
304
834
23
605
49
75
944
491
255
275
516
231
412
403
505
490
761
518
988
128
357
460
424
41
530
942
669
521
716
525
15
37
116
41
849
796
651
337
102
953
82
635
368
972
704
588
212
309
642
77
727
337
875
854
115
108
901
786
245
644
221
912
1
677
963
920
490
152
73
228
110
626
121
413
548
784
608
437
639
338
618
786
444
681
196
789
132
296
580
579
586
942
589
158
813
976
701
891
316
270
376
535
285
402
222
490
957
927
304
709
18
567
828
875
721
289
563
387
304
834
23
605
49
75
944
491
255
275
516
231
412
403
505
490
761
518
988
128
357
460
424
41
530
942
669
521
716
525
15
37
116
41
849
796
651
337
102
953
82
635
368
972
704
588
212
309
642
77
727
337
875
854
115
108
901
786
245
644
221
912
1
677
963
920
490
152
73
228
110
626
121
413
548
784
608
437
639
338
618
786
444
681
196
789
132
296
580
579
586
942
589
158
813
976
701
891
316
270
376
535
285
402
222
490
957
927
304
709
18
567
828
875
721
289
563
387
304
834
23
605
49
75
944
491
255
275
516
231
412
403
505
490
761
518
988
128
357
460
424
41
530
942
669
521
716
525
15
37
116
41
849
796
651
337
102
953
82
635
368
972
704
588
212
309
642
77
727
337
875
854
115
108
901
786
245
644
221
912
1
677
963
920
490
152
73
228
110
626
121
413
548
784
608
437
639
338
618
786
444
681
196
789
132
296
580
579
586
942
589
158
813
976
701
891
316
270
376
535
285
402
222
490
957
927
304
709
18
567
828
875
721
289
563
387
304
834
23
605
49
75
944
491
255
275
516
231
412
403
505
490
761
518
988
128
357
460
424
41
530
942
669
521
716
525
15
37
116
41
849
796
651
337
102
953
82
635
368
972
704
588
212
309
642
77
727
337
875
854
115
108
901
786
245
644
221
912
1
677
963
920
490
152
73
228
110
626
121
413
548
784
608
437
639
338
618
786
444
681
196
789
132
296
580
579
586
942
589
158
813
976
701
891
316
270
376
535
285
402
222
490
957
927
304
709
18
567
828
875
721
289
563
387
304
834
23
605
49
75
944
491
255
275
516
231
412
403
505
490
761
518
988
128
357
460
424
41
530
942
669
521
716
525
15
37
116
41
849
796
651
337
102
953
82
635
368
972
704
588
212
309
642
77
727
337
875
854
115
108
901
786
245
644
221
912
1
677
963
920
490
152
73
228
110
626
121
413
548
784
608
437
639
338
618
786
444
681
196
789
132
296
580
579
586
942
589
158
813
976
701
891
316
270
376
535
285
402
222
490
957
927
304
709
18
567
828
875
721
289
563
387
304
834
23
605
49
75
944
491
255
275
516
231
412
403
505
490
761
518
988
128
357
460
424
41
530
942
669
521
716
525
15
37
116
41
849
796
651
337
102
953
82
635
368
972
704
588
212
309
642
77
727
337
875
854
115
108
901
786
245
644
221
912
1
677
963
920
490
152
73
228
110
626
121
413
548
784
608
437
639
338
618
786
444
681
196
789
132
296
580
579
586
942
589
158
813
976
701
891
316
270
376
535
285
402
222
490
957
927
304
709
18
567
828
875
721
289
563
387
304
834
23
605
49
75
944
491
255
275
516
231
412
403
505
490
761
518
988
128
357
460
424
41
530
942
669
521
716
525
15
37
116
41
849
796
651
337
102
953
82
635
368
972
704
588
212
309
642
77
727
337
875
854
115
108
901
786
245
644
221
912
1
677
963
920
490
152
73
228
110
626
121
413
548
784
608
437
639
338
618
786
444
681
196
789
132
296
580
579
586
942
589
158
813
976
701
891
316
270
376
535
285
402
222
490
957
927
304
709
18
567
828
875
721
289
563
387
304
834
23
605
49
75
944
491
255
275
516
231
412
403
505
490
761
518
988
128
357
460
424
41
530
942
669
521
716
525
15
37
116
41
849
796
651
337
102
953
82
635
368
972
704
588
212
309
642
77
727
337
875
854
115
108
901
786
245
644
221
912
1
677
963
920
490
152
73
228
110
626
121
413
548
784
608
437
639
338
618
786
444
681
196
789
132
296
580
579
586
942
589
158
813
976
701
891
316
270
376
535
285
402
222
490
957
927
304
709
18
567
828
875
721
289
563
387
304
834
23
605
49
75
944
491
255
275
516
231
412
403
505
490
761
518
988
128
357
460
424
41
530
942
669
521
716
525
15
37
116
41
849
796
651
337
102
953
82
635
368
972
704
588
212
309
642
77
727
337
875
854
115
108
901
786
245
644
221
912
1
677
963
920
490
152
73
228
110
626
121
413
548
784
608
437
639
338
618
786
444
681
196
789
132
296
580
579
586
942
589
158
813
976
701
891
316
270
376
535
285
402
222
490
957
927
304
709
18
567
828
875
721
289
563
387
304
834
23
605
49
75
944
491
255
275
516
231
412
403
505
490
761
518
988
128
357
460
424
41
530
942
669
521
716
525
15
37
116
41
849
796
651
337
102
953
82
635
368
972
704
588
212
309
642
77
727
337
875
854
115
108
901
786
245
644
221
912
1
677
963
920
490
152
73
228
110
626
121
413
548
784
608
437
639
338
618
786
444
681
196
789
132
296
580
579
586
942
589
158
813
976
701
891
316
270
376
535
285
402
222
490
957
927
304
709
18
567
828
875
721
289
563
387
304
834
23
605
49
75
944
491
255
275
516
231
412
403
505
490
761
518
988
128
357
460
424
41
530
942
669
521
716
525
15
37
116
41
849
796
651
337
102
953
82
635
368
972
704
588
212
309
642
77
727
337
875
854
115
108
901
786
245
644
221
912
1
677
963
920
490
152
73
228
110
626
121
413
548
784
608
437
639
338
618
786
444
681
196
789
132
296
580
579
586
942
589
158
813
976
701
891
316
270
376
535
285
402
222
490
957
927
304
709
18
567
828
875
721
289
563
387
304
834
23
605
49
75
944
491
255
275
516
231
412
403
505
490
761
518
988
128
357
460
424
41
530
942
669
521
716
525
15
37
116
41
849
796
651
337
102
953
82
635
368
972
704
588
212
309
642
77
727
337
875
854
115
108
901
786
245
644
221
912
1
677
963
920
490
152
73
228
110
626
121
413
548
784
608
437
639
338
618
786
444
681
196
789
132
296
580
579
586
942
589
158
813
976
701
891
316
270
376
535
285
402
222
490
957
927
304
709
18
567
828
875
721
289
563
387
304
834
23
605
49
75
944
491
255
275
516
231
412
403
505
490
761
518
988
128
357
460
424
41
530
942
669
521
716
525
15
37
116
41
849
796
651
337
102
953
82
635
368
972
704
588
212
309
642
77
727
337
875
854
115
108
901
786
245
644
221
912
1
677
963
920
490
152
73
228
110
626
121
413
548
784
608
437
639
338
618
786
444
681
196
789
132
296
580
579
586
942
589
158
813
976
701
891
316
270
376
535
285
402
222
490
957
927
304
709
18
567
828
875
721
289
563
387
304
834
23
605
49
75
944
491
255
275
516
231
412
403
505
490
761
518
988
128
357
460
424
41
530
942
669
521
716
525
15
37
116
41
849
796
651
337
102
953
82
635
368
972
704
588
212
309
642
77
727
337
875
854
115
108
901
786
245
644
221
912
1
677
963
920
490
152
73
228
110
626
121
413
548
784
608
437
639
338
618
786
444
681
196
789
132
296
580
579
586
942
589
158
813
976
701
891
316
270
376
535
285
402
222
490
957
927
304
709
18
567
828
875
721
289
563
387
304
834
23
605
49
75
944
491
255
275
516
231
412
403
505
490
761
518
988
128
357
460
424
41
530
942
669
521
716
525
15
37
116
41
849
796
651
337
102
953
82
635
368
972
704
588
212
309
642
77
727
337
875
854
115
108
901
786
245
644
221
912
1
677
963
920
490
152
73
228
110
626
121
413
548
784
608
437
639
338
618
786
444
681
196
789
132
296
580
579
586
942
589
158
813
976
701
891
316
270
376
535
285
402
222
490
957
927
304
709
18
567
828
875
721
289
563
387
304
834
23
605
49
75
944
491
255
275
516
231
412
403
505
490
761
518
988
128
357
460
424
41
530
942
669
521
716
525
15
37
116
41
849
796
651
337
102
953
82
635
368
972
704
588
212
309
642
77
727
337
875
854
115
108
901
786
245
644
221
912
1
677
963
920
490
152
73
228
110
626
121
413
548
784
608
437
639
338
618
786
444
681
196
789
132
296
580
579
586
942
589
158
813
976
701
891
316
270
376
535
285
402
222
490
957
927
304
709
18
567
828
875
721
289
563
387
304
834
23
605
49
75
944
491
255
275
516
231
412
403
505
490
761
518
988
128
357
460
424
41
530
942
669
521
716
525
15
37
116
41
849
796
651
337
102
953
82
635
368
972
704
588
212
309
642
77
727
337
875
854
115
108
901
786
245
644
221
912
1
677
963
920
490
152
73
228
110
626
121
413
548
784
608
437
639
338
618
786
444
681
196
789
132
296
580
579
586
942
589
158
813
976
701
891
316
270
376
535
285
402
222
490
957
927
304
709
18
567
828
875
721
289
563
387
304
834
23
605
49
75
944
491
255
275
516
231
412
403
505
490
761
518
988
128
357
460
424
41
530
942
669
521
716
525
15
37
116
41
849
796
651
337
102
953
82
635
368
972
704
588
212
309
642
77
727
337
875
854
115
108
901
786
245
644
221
912
1
677
963
920
490
152
73
228
110
626
121
413
548
784
608
437
639
338
618
786
444
681
196
789
132
296
580
579
586
942
589
158
813
976
701
891
316
270
376
535
285
402
222
490
957
927
304
709
18
567
828
875
721
289
563
387
304
834
23
605
49
75
944
491
255
275
516
231
412
403
505
490
761
518
988
128
357
460
424
41
530
942
669
521
716
525
15
37
116
41
849
796
651
337
102
953
82
635
368
972
704
588
212
309
642
77
727
337
875
854
115
108
901
786
245
644
221
912
1
677
963
920
490
152
73
228
110
626
121
413
548
784
608
437
639
338
618
786
444
681
196
789
132
296
580
579
586
942
589
158
813
976
701
891
316
270
376
535
285
402
222
490
957
927
304
709
18
567
828
875
721
289
563
387
304
834
23
605
49
75
944
491
255
275
516
231
412
403
505
490
761
518
988
128
357
460
424
41
530
942
669
521
716
525
15
37
116
41
849
796
651
337
102
953
82
635
368
972
704
588
212
309
642
77
727
337
875
854
115
108
901
786
245
644
221
912
1
677
963
920
490
152
73
228
110
626
121
413
548
784
608
437
639
338
618
786
444
681
196
789
132
296
580
579
586
942
589
158
813
976
701
891
316
270
376
535
285
402
222
490
957
927
304
709
18
567
828
875
721
289
563
387
304
834
23
605
49
75
944
491
255
275
516
231
412
403
505
490
761
518
988
128
357
460
424
41
530
942
669
521
716
525
15
37
116
41
849
796
651
337
102
953
82
635
368
972
704
588
212
309
642
77
727
337
875
854
115
108
901
786
245
644
221
912
1
677
963
920
490
152
73
228
110
626
121
413
548
784
608
437
639
338
618
786
444
681
196
789
132
296
580
579
586
942
589
158
813
976
701
891
316
270
376
535
285
402
222
490
957
927
304
709
18
567
828
875
721
289
563
387
304
834
23
605
49
75
944
491
255
275
516
231
412
403
505
490
761
518
988
128
357
460
424
41
530
942
669
521
716
525
15
37
116
41
849
796
651
337
102
953
82
635
368
972
704
588
212
309
642
77
727
337
875
854
115
108
901
786
245
644
221
912
1
677
963
920
490
152
73
228
110
626
121
413
548
784
608
437
639
338
618
786
444
681
196
789
132
296
580
579
586
942
589
158
813
976
701
891
316
270
376
535
285
402
222
490
957
927
304
709
18
567
828
875
721
289
563
387
304
834
23
605
49
75
944
491
255
275
516
231
412
403
505
490
761
518
988
128
357
460
424
41
530
942
669
521
716
525
15
37
116
41
849
796
651
337
102
953
82
635
368
972
704
588
212
309
642
77
727
337
875
854
115
108
901
786
245
644
221
912
1
677
963
920
490
152
73
228
110
626
121
413
548
784
608
437
639
338
618
786
444
681
196
789
132
296
580
579
586
942
589
158
813
976
701
891
316
270
376
535
285
402
222
490
957
927
304
709
18
567
828
875
721
289
563
387
304
834
23
605
49
75
944
491
255
275
516
231
412
403
505
490
761
518
988
128
357
460
424
41
530
942
669
521
716
525
15
37
116
41
849
796
651
337
102
953
82
635
368
972
704
588
212
309
642
77
727
337
875
854
115
108
901
786
245
644
221
912
1
677
963
920
490
152
73
228
110
626
121
413
548
784
608
437
639
338
618
786
444
681
196
789
132
296
580
579
586
942
589
158
813
976
701
891
316
270
376
535
285
402
222
490
957
927
304
709
18
567
828
875
721
289
563
387
304
834
23
605
49
75
944
491
255
275
516
231
412
403
505
490
761
518
988
128
357
460
424
41
530
942
669
521
716
525
15
37
116
41
849
796
651
337
102
953
82
635
368
972
704
588
212
309
642
77
727
337
875
854
115
108
901
786
245
644
221
912
1
677
963
920
490
152
73
228
110
626
121
413
548
784
608
437
639
338
618
786
444
681
196
789
132
296
580
579
586
942
589
158
813
976
701
891
316
270
376
535
285
402
222
490
957
927
304
709
18
567
828
875
721
289
563
387
304
834
23
605
49
75
944
491
255
275
516
231
412
403
505
490
761
518
988
128
357
460
424
41
530
942
669
521
716
525
15
37
116
41
849
796
651
337
102
953
82
635
368
972
704
588
212
309
642
77
727
337
875
854
115
108
901
786
245
644
221
912
1
677
963
920
490
152
73
228
110
626
121
413
548
784
608
437
639
338
618
786
444
681
196
789
132
296
580
579
586
942
589
158
813
976
701
891
316
270
376
535
285
402
222
490
957
927
304
709
18
567
828
875
721
289
563
387
304
834
23
605
49
75
944
491
255
275
516
231
412
403
505
490
761
518
988
128
357
460
424
41
530
942
669
521
716
525
15
37
116
41
849
796
651
337
102
953
82
635
368
972
704
588
212
309
642
77
727
337
875
854
115
108
901
786
245
644
221
912
1
677
963
920
490
152
73
228
110
626
121
413
548
784
608
437
639
338
618
786
444
681
196
789
132
296
580
579
586
942
589
158
813
976
701
891
316
270
376
535
285
402
222
490
957
927
304
709
18
567
828
875
721
289
563
387
304
834
23
605
49
75
944
491
255
275
516
231
412
403
505
490
761
518
988
128
357
460
424
41
530
942
669
521
716
525
15
37
116
41
849
796
651
337
102
953
82
635
368
972
704
588
212
309
642
77
727
337
875
854
115
108
901
786
245
644
221
912
1
677
963
920
490
152
73
228
110
626
121
413
548
784
608
437
639
338
618
786
444
681
196
789
132
296
580
579
586
942
589
158
813
976
701
891
316
270
376
535
285
402
222
490
957
927
304
709
18
567
828
875
721
289
563
387
304
834
23
605
49
75
944
491
255
275
516
231
412
403
505
490
761
518
988
128
357
460
424
41
530
942
669
521
716
525
15
37
116
41
849
796
651
337
102
953
82
635
368
972
704
588
212
309
642
77
727
337
875
854
115
108
901
786
245
644
221
912
1
677
963
920
490
152
73
228
110
626
121
413
548
784
608
437
639
338
618
786
444
681
196
789
132
296
580
579
586
942
589
158
813
976
701
891
316
270
376
535
285
402
222
490
957
927
304
709
18
567
828
875
721
289
563
387
304
834
23
605
49
75
944
491
255
275
516
231
412
403
505
490
761
518
988
128
357
460
424
41
530
942
669
521
716
525
15
37
116
41
849
796
651
337
102
953
82
635
368
972
704
588
212
309
642
77
727
337
875
854
115
108
901
786
245
644
221
912
1
677
963
920
490
152
73
228
110
626
121
413
548
784
608
437
639
338
618
786
444
681
196
789
132
296
580
579
586
942
589
158
813
976
701
891
316
270
376
535
285
402
222
490
957
927
304
709
18
567
828
875
721
289
563
387
304
834
23
605
49
75
944
491
255
275
516
231
412
403
505
490
761
518
988
128
357
460
424
41
530
942
669
521
716
525
15
37
116
41
849
796
651
337
102
953
82
635
368
972
704
588
212
309
642
77
727
337
875
854
115
108
901
786
245
644
221
912
1
677
963
920
490
152
73
228
110
626
121
413
548
784
608
437
639
338
618
786
444
681
196
789
132
296
580
579
586
942
589
158
813
976
701
891
316
270
376
535
285
402
222
490
957
927
304
709
18
567
828
875
721
289
563
387
304
834
23
605
49
75
944
491
255
275
516
231
412
403
505
490
761
518
988
128
357
460
424
41
530
942
669
521
716
525
15
37
116
41
849
796
651
337
102
953
82
635
368
972
704
588
212
309
642
77
727
337
875
854
115
108
901
786
245
644
221
912
1
677
963
920
490
152
73
228
110
626
121
413
548
784
608
437
639
338
618
786
444
681
196
789
132
296
580
579
586
942
589
158
813
976
701
891
316
270
376
535
285
402
222
490
957
927
304
709
18
567
828
875
721
289
563
387
304
834
23
605
49
75
944
491
255
275
516
231
412
403
505
490
761
518
988
128
357
460
424
41
530
942
669
521
716
525
15
37
116
41
849
796
651
337
102
953
82
635
368
972
704
588
212
309
642
77
727
337
875
854
115
108
901
786
245
644
221
912
1
677
963
920
490
152
73
228
110
626
121
413
548
784
608
437
639
338
618
786
444
681
196
789
132
296
580
579
586
942
589
158
813
976
701
891
316
270
376
535
285
402
222
490
957
927
304
709
18
567
828
875
721
289
563
387
304
834
23
605
49
75
944
491
255
275
516
231
412
403
505
490
761
518
988
128
357
460
424
41
530
942
669
521
716
525
15
37
116
41
849
796
651
337
102
953
82
635
368
972
704
588
212
309
642
77
727
337
875
854
115
108
901
786
245
644
221
912
1
677
963
920
490
152
73
228
110
626
121
413
548
784
608
437
639
338
618
786
444
681
196
789
132
296
580
579
586
942
589
158
813
976
701
891
316
270
376
535
285
402
222
490
957
927
304
709
18
567
828
875
721
289
563
387
304
834
23
605
49
75
944
491
255
275
516
231
412
403
505
490
761
518
988
128
357
460
424
41
530
942
669
521
716
525
15
37
116
41
849
796
651
337
102
953
82
635
368
972
704
588
212
309
642
77
727
337
875
854
115
108
901
786
245
644
221
912
1
677
963
920
490
152
73
228
110
626
121
413
548
784
608
437
639
338
618
786
444
681
196
789
132
296
580
579
586
942
589
158
813
976
701
891
316
270
376
535
285
402
222
490
957
927
304
709
18
567
828
875
721
289
563
387
304
834
23
605
49
75
944
491
255
275
516
231
412
403
505
490
761
518
988
128
357
460
424
41
530
942
669
521
716
525
15
37
116
41
849
796
651
337
102
953
82
635
368
972
704
588
212
309
642
77
727
337
875
854
115
108
901
786
245
644
221
912
1
677
963
920
490
152
73
228
110
626
121
413
548
784
608
437
639
338
618
786
444
681
196
789
132
296
580
579
586
942
589
158
813
976
701
891
316
270
376
535
285
402
222
490
957
927
304
709
18
567
828
875
721
289
563
387
304
834
23
605
49
75
944
491
255
275
516
231
412
403
505
490
761
518
988
128
357
460
424
41
530
942
669
521
716
525
15
37
116
41
849
796
651
337
102
953
82
635
368
972
704
588
212
309
642
77
727
337
875
854
115
108
901
786
245
644
221
912
1
677
963
920
490
152
73
228
110
626
121
413
548
784
608
437
639
338
618
786
444
681
196
789
132
296
580
579
586
942
589
158
813
976
701
891
316
270
376
535
285
402
222
490
957
927
304
709
18
567
828
875
721
289
563
387
304
834
23
605
49
75
944
491
255
275
516
231
412
403
505
490
761
518
988
128
357
460
424
41
530
942
669
521
716
525
15
37
116
41
849
796
651
337
102
953
82
635
368
972
704
588
212
309
642
77
727
337
875
854
115
108
901
786
245
644
221
912
1
677
963
920
490
152
73
228
110
626
121
413
548
784
608
437
639
338
618
786
444
681
196
789
132
296
580
579
586
942
589
158
813
976
701
891
316
270
376
535
285
402
222
490
957
927
304
709
18
567
828
875
721
289
563
387
304
834
23
605
49
75
944
491
255
275
516
231
412
403
505
490
761
518
988
128
357
460
424
41
530
942
669
521
716
525
15
37
116
41
849
796
651
337
102
953
82
635
368
972
704
588
212
309
642
77
727
337
875
854
115
108
901
786
245
644
221
912
1
677
963
920
490
152
73
228
110
626
121
413
548
784
608
437
639
338
618
786
444
681
196
789
132
296
580
579
586
942
589
158
813
976
701
891
316
270
376
535
285
402
222
490
957
927
304
709
18
567
828
875
721
289
563
387
304
834
23
605
49
75
944
491
255
275
516
231
412
403
505
490
761
518
988
128
357
460
424
41
530
942
669
521
716
525
15
37
116
41
849
796
651
337
102
953
82
635
368
972
704
588
212
309
642
77
727
337
875
854
115
108
901
786
245
644
221
912
1
677
963
920
490
152
73
228
110
626
121
413
548
784
608
437
639
338
618
786
444
681
196
789
132
296
580
579
586
942
589
158
813
976
701
891
316
270
376
535
285
402
222
490
957
927
304
709
18
567
828
875
721
289
563
387
304
834
23
605
49
75
944
491
255
275
516
231
412
403
505
490
761
518
988
128
357
460
424
41
530
942
669
521
716
525
15
37
116
41
849
796
651
337
102
953
82
635
368
972
704
588
212
309
642
77
727
337
875
854
115
108
901
786
245
644
221
912
1
677
963
920
490
152
73
228
110
626
121
413
548
784
608
437
639
338
618
786
444
681
196
789
132
296
580
579
586
942
589
158
813
976
701
891
316
270
376
535
285
402
222
490
957
927
304
709
18
567
828
875
721
289
563
387
304
834
23
605
49
75
944
491
255
275
516
231
412
403
505
490
761
518
988
128
357
460
424
41
530
942
669
521
716
525
15
37
116
41
849
796
651
337
102
953
82
635
368
972
704
588
212
309
642
77
727
337
875
854
115
108
901
786
245
644
221
912
1
677
963
920
490
152
73
228
110
626
121
413
548
784
608
437
639
338
618
786
444
681
196
789
132
296
580
579
586
942
589
158
813
976
701
891
316
270
376
535
285
402
222
490
957
927
304
709
18
567
828
875
721
289
563
387
304
834
23
605
49
75
944
491
255
275
516
231
412
403
505
490
761
518
988
128
357
460
424
41
530
942
669
521
716
525
15
37
116
41
849
796
651
337
102
953
82
635
368
972
704
588
212
309
642
77
727
337
875
854
115
108
901
786
245
644
221
912
1
677
963
920
490
152
73
228
110
626
121
413
548
784
608
437
639
338
618
786
444
681
196
789
132
296
580
579
586
942
589
158
813
976
701
891
316
270
376
535
285
402
222
490
957
927
304
709
18
567
828
875
721
289
563
387
304
834
23
605
49
75
944
491
255
275
516
231
412
403
505
490
761
518
988
128
357
460
424
41
530
942
669
521
716
525
15
37
116
41
849
796
651
337
102
953
82
635
368
972
704
588
212
309
642
77
727
337
875
854
115
108
901
786
245
644
221
912
1
677
963
920
490
152
73
228
110
626
121
413
548
784
608
437
639
338
618
786
444
681
196
789
132
296
580
579
586
942
589
158
813
976
701
891
316
270
376
535
285
402
222
490
957
927
304
709
18
567
828
875
721
289
563
387
304
834
23
605
49
75
944
491
255
275
516
231
412
403
505
490
761
518
988
128
357
460
424
41
530
942
669
521
716
525
15
37
116
41
849
796
651
337
102
953
82
635
368
972
704
588
212
309
642
77
727
337
875
854
115
108
901
786
245
644
221
912
1
677
963
920
490
152
73
228
110
626
121
413
548
784
608
437
639
338
618
786
444
681
196
789
132
296
580
579
586
942
589
158
813
976
701
891
316
270
376
535
285
402
222
490
957
927
304
709
18
567
828
875
721
289
563
387
304
834
23
605
49
75
944
491
255
275
516
231
412
403
505
490
761
518
988
128
357
460
424
41
530
942
669
521
716
525
15
37
116
41
849
796
651
337
102
953
82
635
368
972
704
588
212
309
642
77
727
337
875
854
115
108
901
786
245
644
221
912
1
677
963
920
490
152
73
228
110
626
121
413
548
784
608
437
639
338
618
786
444
681
196
789
132
296
580
579
586
942
589
158
813
976
701
891
316
270
376
535
285
402
222
490
957
927
304
709
18
567
828
875
721
289
563
387
304
834
23
605
49
75
944
491
255
275
516
231
412
403
505
490
761
518
988
128
357
460
424
41
530
942
669
521
716
525
15
37
116
41
849
796
651
337
102
953
82
635
368
972
704
588
212
309
642
77
727
337
875
854
115
108
901
786
245
644
221
912
1
677
963
920
490
152
73
228
110
626
121
413
548
784
608
437
639
338
618
786
444
681
196
789
132
296
580
579
586
942
589
158
813
976
701
891
316
270
376
535
285
402
222
490
957
927
304
709
18
567
828
875
721
289
563
387
304
834
23
605
49
75
944
491
255
275
516
231
412
403
505
490
761
518
988
128
357
460
424
41
530
942
669
521
716
525
15
37
116
41
849
796
651
337
102
953
82
635
368
972
704
588
212
309
642
77
727
337
875
854
115
108
901
786
245
644
221
912
1
677
963
920
490
152
73
228
110
626
121
413
548
784
608
437
639
338
618
786
444
681
196
789
132
296
580
579
586
942
589
158
813
976
701
891
316
270
376
535
285
402
222
490
957
927
304
709
18
567
828
875
721
289
563
387
304
834
23
605
49
75
944
491
255
275
516
231
412
403
505
490
761
518
988
128
357
460
424
41
530
942
669
521
716
525
15
37
116
41
849
796
651
337
102
953
82
635
368
972
704
588
212
309
642
77
727
337
875
854
115
108
901
786
245
644
221
912
1
677
963
920
490
152
73
228
110
626
121
413
548
784
608
437
639
338
618
786
444
681
196
789
132
296
580
579
586
942
589
158
813
976
701
891
316
270
376
535
285
402
222
490
957
927
304
709
18
567
828
875
721
289
563
387
304
834
23
605
49
75
944
491
255
275
516
231
412
403
505
490
761
518
988
128
357
460
424
41
530
942
669
521
716
525
15
37
116
41
849
796
651
337
102
953
82
635
368
972
704
588
212
309
642
77
727
337
875
854
115
108
901
786
245
644
221
912
1
677
963
920
490
152
73
228
110
626
121
413
548
784
608
437
639
338
618
786
444
681
196
789
132
296
580
579
586
942
589
158
813
976
701
891
316
270
376
535
285
402
222
490
957
927
304
709
18
567
828
875
721
289
563
387
304
834
23
605
49
75
944
491
255
275
516
231
412
403
505
490
761
518
988
128
357
460
424
41
530
942
669
521
716
525
15
37
116
41
849
796
651
337
102
953
82
635
368
972
704
588
212
309
642
77
727
337
875
854
115
108
901
786
245
644
221
912
1
677
963
920
490
152
73
228
110
626
121
413
548
784
608
437
639
338
618
786
444
681
196
789
132
296
580
579
586
942
589
158
813
976
701
891
316
270
376
535
285
402
222
490
957
927
304
709
18
567
828
875
721
289
563
387
304
834
23
605
49
75
944
491
255
275
516
231
412
403
505
490
761
518
988
128
357
460
424
41
530
942
669
521
716
525
15
37
116
41
849
796
651
337
102
953
82
635
368
972
704
588
212
309
642
77
727
337
875
854
115
108
901
786
245
644
221
912
1
677
963
920
490
152
73
228
110
626
121
413
548
784
608
437
639
338
618
786
444
681
196
789
132
296
580
579
586
942
589
158
813
976
701
891
316
270
376
535
285
402
222
490
957
927
304
709
18
567
828
875
721
289
563
387
304
834
23
605
49
75
944
491
255
275
516
231
412
403
505
490
761
518
988
128
357
460
424
41
530
942
669
521
716
525
15
37
116
41
849
796
651
337
102
953
82
635
368
972
704
588
212
309
642
77
727
337
875
854
115
108
901
786
245
644
221
912
1
677
963
920
490
152
73
228
110
626
121
413
548
784
608
437
639
338
618
786
444
681
196
789
132
296
580
579
586
942
589
158
813
976
701
891
316
270
376
535
285
402
222
490
957
927
304
709
18
567
828
875
721
289
563
387
304
834
23
605
49
75
944
491
255
275
516
231
412
403
505
490
761
518
988
128
357
460
424
41
530
942
669
521
716
525
15
37
116
41
849
796
651
337
102
953
82
635
368
972
704
588
212
309
642
77
727
337
875
854
115
108
901
786
245
644
221
912
1
677
963
920
490
152
73
228
110
626
121
413
548
784
608
437
639
338
618
786
444
681
196
789
132
296
580
579
586
942
589
158
813
976
701
891
316
270
376
535
285
402
222
490
957
927
304
709
18
567
828
875
721
289
563
387
304
834
23
605
49
75
944
491
255
275
516
231
412
403
505
490
761
518
988
128
357
460
424
41
530
942
669
521
716
525
15
37
116
41
849
796
651
337
102
953
82
635
368
972
704
588
212
309
642
77
727
337
875
854
115
108
901
786
245
644
221
912
1
677
963
920
490
152
73
228
110
626
121
413
548
784
608
437
639
338
618
786
444
681
196
789
132
296
580
579
586
942
589
158
813
976
701
891
316
270
376
535
285
402
222
490
957
927
304
709
18
567
828
875
721
289
563
387
304
834
23
605
49
75
944
491
255
275
516
231
412
403
505
490
761
518
988
128
357
460
424
41
530
942
669
521
716
525
15
37
116
41
849
796
651
337
102
953
82
635
368
972
704
588
212
309
642
77
727
337
875
854
115
108
901
786
245
644
221
912
1
677
963
920
490
152
73
228
110
626
121
413
548
784
608
437
639
338
618
786
444
681
196
789
132
296
580
579
586
942
589
158
813
976
701
891
316
270
376
535
285
402
222
490
957
927
304
709
18
567
828
875
721
289
563
387
304
834
23
605
49
75
944
491
255
275
516
231
412
403
505
490
761
518
988
128
357
460
424
41
530
942
669
521
716
525
15
37
116
41
849
796
651
337
102
953
82
635
368
972
704
588
212
309
642
77
727
337
875
854
115
108
901
786
245
644
221
912
1
677
963
920
490
152
73
228
110
626
121
413
548
784
608
437
639
338
618
786
444
681
196
789
132
296
580
579
586
942
589
158
813
976
701
891
316
270
376
535
285
402
222
490
957
927
304
709
18
567
828
875
721
289
563
387
304
834
23
605
49
75
944
491
255
275
516
231
412
403
505
490
761
518
988
128
357
460
424
41
530
942
669
521
716
525
15
37
116
41
849
796
651
337
102
953
82
635
368
972
704
588
212
309
642
77
727
337
875
854
115
108
901
786
245
644
221
912
1
677
963
920
490
152
73
228
110
626
121
413
548
784
608
437
639
338
618
786
444
681
196
789
132
296
580
579
586
942
589
158
813
976
701
891
316
270
376
535
285
402
222
490
957
927
304
709
18
567
828
875
721
289
563
387
304
834
23
605
49
75
944
491
255
275
516
231
412
403
505
490
761
518
988
128
357
460
424
41
530
942
669
521
716
525
15
37
116
41
849
796
651
337
102
953
82
635
368
972
704
588
212
309
642
77
727
337
875
854
115
108
901
786
245
644
221
912
1
677
963
920
490
152
73
228
110
626
121
413
548
784
608
437
639
338
618
786
444
681
196
789
132
296
580
579
586
942
589
158
813
976
701
891
316
270
376
535
285
402
222
490
957
927
304
709
18
567
828
875
721
289
563
387
304
834
23
605
49
75
944
491
255
275
516
231
412
403
505
490
761
518
988
128
357
460
424
41
530
942
669
521
716
525
15
37
116
41
849
796
651
337
102
953
82
635
368
972
704
588
212
309
642
77
727
337
875
854
115
108
901
786
245
644
221
912
1
677
963
920
490
152
73
228
110
626
121
413
548
784
608
437
639
338
618
786
444
681
196
789
132
296
580
579
586
942
589
158
813
976
701
891
316
270
376
535
285
402
222
490
957
927
304
709
18
567
828
875
721
289
563
387
304
834
23
605
49
75
944
491
255
275
516
231
412
403
505
490
761
518
988
128
357
460
424
41
530
942
669
521
716
525
15
37
116
41
849
796
651
337
102
953
82
635
368
972
704
588
212
309
642
77
727
337
875
854
115
108
901
786
245
644
221
912
1
677
963
920
490
152
73
228
110
626
121
413
548
784
608
437
639
338
618
786
444
681
196
789
132
296
580
579
586
942
589
158
813
976
701
891
316
270
376
535
285
402
222
490
957
927
304
709
18
567
828
875
721
289
563
387
304
834
23
605
49
75
944
491
255
275
516
231
412
403
505
490
761
518
988
128
357
460
424
41
530
942
669
521
716
525
15
37
116
41
849
796
651
337
102
953
82
635
368
972
704
588
212
309
642
77
727
337
875
854
115
108
901
786
245
644
221
912
1
677
963
920
490
152
73
228
110
626
121
413
548
784
608
437
639
338
618
786
444
681
196
789
132
296
580
579
586
942
589
158
813
976
701
891
316
270
376
535
285
402
222
490
957
927
304
709
18
567
828
875
721
289
563
387
304
834
23
605
49
75
944
491
255
275
516
231
412
403
505
490
761
518
988
128
357
460
424
41
530
942
669
521
716
525
15
37
116
41
849
796
651
337
102
953
82
635
368
972
704
588
212
309
642
77
727
337
875
854
115
108
901
786
245
644
221
912
1
677
963
920
490
152
73
228
110
626
121
413
548
784
608
437
639
338
618
786
444
681
196
789
132
296
580
579
586
942
589
158
813
976
701
891
316
270
376
535
285
402
222
490
957
927
304
709
18
567
828
875
721
289
563
387
304
834
23
605
49
75
944
491
255
275
516
231
412
403
505
490
761
518
988
128
357
460
424
41
530
942
669
521
716
525
15
37
116
41
849
796
651
337
102
953
82
635
368
972
704
588
212
309
642
77
727
337
875
854
115
108
901
786
245
644
221
912
1
677
963
920
490
152
73
228
110
626
121
413
548
784
608
437
639
338
618
786
444
681
196
789
132
296
580
579
586
942
589
158
813
976
701
891
316
270
376
535
285
402
222
490
957
927
304
709
18
567
828
875
721
289
563
387
304
834
23
605
49
75
944
491
255
275
516
231
412
403
505
490
761
518
988
128
357
460
424
41
530
942
669
521
716
525
15
37
116
41
849
796
651
337
102
953
82
635
368
972
704
588
212
309
642
77
727
337
875
854
115
108
901
786
245
644
221
912
1
677
963
920
490
152
73
228
110
626
121
413
548
784
608
437
639
338
618
786
444
681
196
789
132
296
580
579
586
942
589
158
813
976
701
891
316
270
376
535
285
402
222
490
957
927
304
709
18
567
828
875
721
289
563
387
304
834
23
605
49
75
944
491
255
275
516
231
412
403
505
490
761
518
988
128
357
460
424
41
530
942
669
521
716
525
15
37
116
41
849
796
651
337
102
953
82
635
368
972
704
588
212
309
642
77
727
337
875
854
115
108
901
786
245
644
221
912
1
677
963
920
490
152
73
228
110
626
121
413
548
784
608
437
639
338
618
786
444
681
196
789
132
296
580
579
586
942
589
158
813
976
701
891
316
270
376
535
285
402
222
490
957
927
304
709
18
567
828
875
721
289
563
387
304
834
23
605
49
75
944
491
255
275
516
231
412
403
505
490
761
518
988
128
357
460
424
41
530
942
669
521
716
525
15
37
116
41
849
796
651
337
102
953
82
635
368
972
704
588
212
309
642
77
727
337
875
854
115
108
901
786
245
644
221
912
1
677
963
920
490
152
73
228
110
626
121
413
548
784
608
437
639
338
618
786
444
681
196
789
132
296
580
579
586
942
589
158
813
976
701
891
316
270
376
535
285
402
222
490
957
927
304
709
18
567
828
875
721
289
563
387
304
834
23
605
49
75
944
491
255
275
516
231
412
403
505
490
761
518
988
128
357
460
424
41
530
942
669
521
716
525
15
37
116
41
849
796
651
337
102
953
82
635
368
972
704
588
212
309
642
77
727
337
875
854
115
108
901
786
245
644
221
912
1
677
963
920
490
152
73
228
110
626
121
413
548
784
608
437
639
338
618
786
444
681
196
789
132
296
580
579
586
942
589
158
813
976
701
891
316
270
376
535
285
402
222
490
957
927
304
709
18
567
828
875
721
289
563
387
304
834
23
605
49
75
944
491
255
275
516
231
412
403
505
490
761
518
988
128
357
460
424
41
530
942
669
521
716
525
15
37
116
41
849
796
651
337
102
953
82
635
368
972
704
588
212
309
642
77
727
337
875
854
115
108
901
786
245
644
221
912
1
677
963
920
490
152
73
228
110
626
121
413
548
784
608
437
639
338
618
786
444
681
196
789
132
296
580
579
586
942
589
158
813
976
701
891
316
270
376
535
285
402
222
490
957
927
304
709
18
567
828
875
721
289
563
387
304
834
23
605
49
75
944
491
255
275
516
231
412
403
505
490
761
518
988
128
357
460
424
41
530
942
669
521
716
525
15
37
116
41
849
796
651
337
102
953
82
635
368
972
704
588
212
309
642
77
727
337
875
854
115
108
901
786
245
644
221
912
1
677
963
920
490
152
73
228
110
626
121
413
548
784
608
437
639
338
618
786
444
681
196
789
132
296
580
579
586
942
589
158
813
976
701
891
316
270
376
535
285
402
222
490
957
927
304
709
18
567
828
875
721
289
563
387
304
834
23
605
49
75
944
491
255
275
516
231
412
403
505
490
761
518
988
128
357
460
424
41
530
942
669
521
716
525
15
37
116
41
849
796
651
337
102
953
82
635
368
972
704
588
212
309
642
77
727
337
875
854
115
108
901
786
245
644
221
912
1
677
963
920
490
152
73
228
110
626
121
413
548
784
608
437
639
338
618
786
444
681
196
789
132
296
580
579
586
942
589
158
813
976
701
891
316
270
376
535
285
402
222
490
957
927
304
709
18
567
828
875
721
289
563
387
304
834
23
605
49
75
944
491
255
275
516
231
412
403
505
490
761
518
988
128
357
460
424
41
530
942
669
521
716
525
15
37
116
41
849
796
651
337
102
953
82
635
368
972
704
588
212
309
642
77
727
337
875
854
115
108
901
786
245
644
221
912
1
677
963
920
490
152
73
228
110
626
121
413
548
784
608
437
639
338
618
786
444
681
196
789
132
296
580
579
586
942
589
158
813
976
701
891
316
270
376
535
285
402
222
490
957
927
304
709
18
567
828
875
721
289
563
387
304
834
23
605
49
75
944
491
255
275
516
231
412
403
505
490
761
518
988
128
357
460
424
41
530
942
669
521
716
525
15
37
116
41
849
796
651
337
102
953
82
635
368
972
704
588
212
309
642
77
727
337
875
854
115
108
901
786
245
644
221
912
1
677
963
920
490
152
73
228
110
626
121
413
548
784
608
437
639
338
618
786
444
681
196
789
132
296
580
579
586
942
589
158
813
976
701
891
316
270
376
535
285
402
222
490
957
927
304
709
18
567
828
875
721
289
563
387
304
834
23
605
49
75
944
491
255
275
516
231
412
403
505
490
761
518
988
128
357
460
424
41
530
942
669
521
716
525
15
37
116
41
849
796
651
337
102
953
82
635
368
972
704
588
212
309
642
77
727
337
875
854
115
108
901
786
245
644
221
912
1
677
963
920
490
152
73
228
110
626
121
413
548
784
608
437
639
338
618
786
444
681
196
789
132
296
580
579
586
942
589
158
813
976
701
891
316
270
376
535
285
402
222
490
957
927
304
709
18
567
828
875
721
289
563
387
304
834
23
605
49
75
944
491
255
275
516
231
412
403
505
490
761
518
988
128
357
460
424
41
530
942
669
521
716
525
15
37
116
41
849
796
651
337
102
953
82
635
368
972
704
588
212
309
642
77
727
337
875
854
115
108
901
786
245
644
221
912
1
677
963
920
490
152
73
228
110
626
121
413
548
784
608
437
639
338
618
786
444
681
196
789
132
296
580
579
586
942
589
158
813
976
701
891
316
270
376
535
285
402
222
490
957
927
304
709
18
567
828
875
721
289
563
387
304
834
23
605
49
75
944
491
255
275
516
231
412
403
505
490
761
518
988
128
357
460
424
41
530
942
669
521
716
525
15
37
116
41
849
796
651
337
102
953
82
635
368
972
704
588
212
309
642
77
727
337
875
854
115
108
901
786
245
644
221
912
1
677
963
920
490
152
73
228
110
626
121
413
548
784
608
437
639
338
618
786
444
681
196
789
132
296
580
579
586
942
589
158
813
976
701
891
316
270
376
535
285
402
222
490
957
927
304
709
18
567
828
875
721
289
563
387
304
834
23
605
49
75
944
491
255
275
516
231
412
403
505
490
761
518
988
128
357
460
424
41
530
942
669
521
716
525
15
37
116
41
849
796
651
337
102
953
82
635
368
972
704
588
212
309
642
77
727
337
875
854
115
108